{
  "asset": {
    "version": "2.0",
    "generator": "THREE.GLTFExporter"
  },
  "scenes": [
    {
      "nodes": [
        63
      ],
      "name": "OSG_Scene"
    }
  ],
  "scene": 0,
  "nodes": [
    {
      "mesh": 0
    },
    {
      "matrix": [
        1.843277756333804e-7,
        -0.02630879925720915,
        -1.7277066442436342,
        0,
        -0.0000050794835468389485,
        1.7277066442361706,
        -0.026308799257637423,
        0,
        1.7279069423600781,
        0.000005081701277042483,
        1.0696710868629873e-7,
        0,
        -0.7566161751747131,
        1.2151583433151245,
        1.499182939529419,
        1
      ],
      "name": "Text_0",
      "children": [
        0
      ]
    },
    {
      "mesh": 1
    },
    {
      "mesh": 2
    },
    {
      "matrix": [
        -0.3581822070464542,
        0,
        -0.9336517051638322,
        0,
        0,
        1,
        0,
        0,
        0.9336517051638322,
        0,
        -0.3581822070464542,
        0,
        -10.894991874694824,
        0.046265363693237305,
        -13.109392166137695,
        1
      ],
      "name": "Spiral002_1",
      "children": [
        3
      ]
    },
    {
      "mesh": 3
    },
    {
      "matrix": [
        0.9887234103315858,
        -0.1461837273060084,
        -0.03250131894556228,
        0,
        0.14924126501009824,
        0.9797873447101875,
        0.13320587060616315,
        0,
        0.012371850325000584,
        -0.13655430061584597,
        0.9905553292486255,
        0,
        -11.837199211120605,
        0.30835700035095215,
        11.324395179748535,
        1
      ],
      "name": "Spiral003_2",
      "children": [
        5
      ]
    },
    {
      "mesh": 4
    },
    {
      "matrix": [
        -0.8091667707703012,
        0,
        0.5875790475171512,
        0,
        0,
        1,
        0,
        0,
        -0.5875790475171512,
        0,
        -0.8091667707703012,
        0,
        -23.940814971923828,
        0,
        -2.1000723838806152,
        1
      ],
      "name": "Spiral004_3",
      "children": [
        7
      ]
    },
    {
      "mesh": 5
    },
    {
      "matrix": [
        0.11678569577005593,
        0,
        -0.99315713825331,
        0,
        0,
        1,
        0,
        0,
        0.99315713825331,
        0,
        0.11678569577005593,
        0,
        -3.368640422821045,
        0,
        6.910216331481934,
        1
      ],
      "name": "Spiral005_4",
      "children": [
        9
      ]
    },
    {
      "mesh": 6
    },
    {
      "matrix": [
        -0.555215391859216,
        -0.005011120599771823,
        0.8316915036916944,
        0,
        -0.20115880884859672,
        0.9711019565705257,
        -0.1284372359073123,
        0,
        -0.8070136320194542,
        -0.2386124024757125,
        -0.5401787844034027,
        0,
        -2.661105155944824,
        0.22721552848815918,
        -8.299581527709961,
        1
      ],
      "name": "Spiral006_5",
      "children": [
        11
      ]
    },
    {
      "mesh": 7
    },
    {
      "matrix": [
        0.08121506433714831,
        0.012440913004990182,
        0.9966189527639514,
        0,
        -0.012526862260450676,
        0.9998558569617538,
        -0.011460498295652242,
        0,
        -0.9966178761424164,
        -0.011553743241011442,
        0.0813592033546312,
        0,
        -20.17828941345215,
        0,
        8.679815292358398,
        1
      ],
      "name": "Spiral007_6",
      "children": [
        13
      ]
    },
    {
      "mesh": 8
    },
    {
      "matrix": [
        -0.18785484788829865,
        0,
        0.9821968011172019,
        0,
        0,
        1,
        0,
        0,
        -0.9821968011172019,
        0,
        -0.18785484788829865,
        0,
        -20.22016143798828,
        0,
        -9.731475830078125,
        1
      ],
      "name": "Spiral008_7",
      "children": [
        15
      ]
    },
    {
      "matrix": [
        0.30100032687187195,
        0,
        0,
        0,
        0,
        0.30100032687187195,
        0,
        0,
        0,
        0,
        0.30100032687187195,
        0,
        3.324162244796753,
        -1.164535403251648,
        0.22637291252613068,
        1
      ],
      "name": "Spiral000_8",
      "children": [
        2,
        4,
        6,
        8,
        10,
        12,
        14,
        16
      ]
    },
    {
      "mesh": 9
    },
    {
      "mesh": 10
    },
    {
      "mesh": 11
    },
    {
      "mesh": 12
    },
    {
      "matrix": [
        1,
        0,
        0,
        0,
        0,
        1,
        0,
        0,
        0,
        0,
        1,
        0,
        -2.7712888717651367,
        -3.009737968444824,
        -5.723954200744629,
        1
      ],
      "name": "Sphere002_11",
      "children": [
        21
      ]
    },
    {
      "mesh": 13
    },
    {
      "matrix": [
        1,
        0,
        0,
        0,
        0,
        1,
        0,
        0,
        0,
        0,
        1,
        0,
        -6.881026268005371,
        0.1363997459411621,
        -9.905653953552246,
        1
      ],
      "name": "Sphere003_12",
      "children": [
        23
      ]
    },
    {
      "mesh": 14
    },
    {
      "matrix": [
        0.43629000047996513,
        0,
        -0.8998061099376866,
        0,
        0,
        1,
        0,
        0,
        0.8998061099376866,
        0,
        0.43629000047996513,
        0,
        -17.48883628845215,
        0.5523571968078613,
        -13.39853572845459,
        1
      ],
      "name": "Sphere004_13",
      "children": [
        25
      ]
    },
    {
      "mesh": 15
    },
    {
      "matrix": [
        0.43629000047996513,
        0,
        -0.8998061099376866,
        0,
        0,
        1,
        0,
        0,
        0.8998061099376866,
        0,
        0.43629000047996513,
        0,
        -25.306438446044922,
        -3.2745511531829834,
        -11.542943000793457,
        1
      ],
      "name": "Sphere005_14",
      "children": [
        27
      ]
    },
    {
      "mesh": 16
    },
    {
      "matrix": [
        0.43629000047996513,
        0,
        -0.8998061099376866,
        0,
        0,
        1,
        0,
        0,
        0.8998061099376866,
        0,
        0.43629000047996513,
        0,
        -30.401355743408203,
        0.3513338565826416,
        -7.55876350402832,
        1
      ],
      "name": "Sphere006_15",
      "children": [
        29
      ]
    },
    {
      "mesh": 17
    },
    {
      "matrix": [
        0.43629000047996513,
        0,
        -0.8998061099376866,
        0,
        0,
        1,
        0,
        0,
        0.8998061099376866,
        0,
        0.43629000047996513,
        0,
        -11.955120086669922,
        -3.561617851257324,
        -12.132349967956543,
        1
      ],
      "name": "Sphere007_16",
      "children": [
        31
      ]
    },
    {
      "mesh": 18
    },
    {
      "matrix": [
        -0.8861187834101075,
        0,
        0.4634581984254794,
        0,
        0,
        1,
        0,
        0,
        -0.4634581984254794,
        0,
        -0.8861187834101075,
        0,
        -30.04949378967285,
        -0.3545985221862793,
        16.684528350830078,
        1
      ],
      "name": "Sphere008_17",
      "children": [
        33
      ]
    },
    {
      "mesh": 19
    },
    {
      "matrix": [
        -0.8861187834101075,
        0,
        0.4634581984254794,
        0,
        0,
        1,
        0,
        0,
        -0.4634581984254794,
        0,
        -0.8861187834101075,
        0,
        -25.019826889038086,
        -3.3643362522125244,
        20.436180114746094,
        1
      ],
      "name": "Sphere009_18",
      "children": [
        35
      ]
    },
    {
      "mesh": 20
    },
    {
      "matrix": [
        -0.8861187834101075,
        0,
        0.4634581984254794,
        0,
        0,
        1,
        0,
        0,
        -0.4634581984254794,
        0,
        -0.8861187834101075,
        0,
        -19.508909225463867,
        -0.21819829940795898,
        21.917484283447266,
        1
      ],
      "name": "Sphere010_19",
      "children": [
        37
      ]
    },
    {
      "mesh": 21
    },
    {
      "matrix": [
        0.030417652554400206,
        0,
        0.9995372761498593,
        0,
        0,
        1,
        0,
        0,
        -0.9995372761498593,
        0,
        0.030417652554400206,
        0,
        -8.277678489685059,
        0.1145484447479248,
        19.705602645874023,
        1
      ],
      "name": "Sphere011_20",
      "children": [
        39
      ]
    },
    {
      "mesh": 22
    },
    {
      "matrix": [
        0.030417652554400206,
        0,
        0.9995372761498593,
        0,
        0,
        1,
        0,
        0,
        -0.9995372761498593,
        0,
        0.030417652554400206,
        0,
        -2.923172950744629,
        -3.726294994354248,
        15.01530933380127,
        1
      ],
      "name": "Sphere012_21",
      "children": [
        41
      ]
    },
    {
      "mesh": 23
    },
    {
      "matrix": [
        0.030417652554400206,
        0,
        0.9995372761498593,
        0,
        0,
        1,
        0,
        0,
        -0.9995372761498593,
        0,
        0.030417652554400206,
        0,
        -0.6896247863769531,
        -0.1900463104248047,
        10.842155456542969,
        1
      ],
      "name": "Sphere013_22",
      "children": [
        43
      ]
    },
    {
      "mesh": 24
    },
    {
      "matrix": [
        0.030417652554400206,
        0,
        0.9995372761498593,
        0,
        0,
        1,
        0,
        0,
        -0.9995372761498593,
        0,
        0.030417652554400206,
        0,
        -13.911837577819824,
        -3.9162163734436035,
        21.85845947265625,
        1
      ],
      "name": "Sphere014_23",
      "children": [
        45
      ]
    },
    {
      "mesh": 25
    },
    {
      "matrix": [
        0.030417652554400206,
        0,
        0.9995372761498593,
        0,
        0,
        1,
        0,
        0,
        -0.9995372761498593,
        0,
        0.030417652554400206,
        0,
        0.6123561859130859,
        -3.261246919631958,
        5.4474639892578125,
        1
      ],
      "name": "Sphere015_24",
      "children": [
        47
      ]
    },
    {
      "mesh": 26
    },
    {
      "matrix": [
        -0.8861187834101075,
        0,
        0.4634581984254794,
        0,
        0,
        1,
        0,
        0,
        -0.4634581984254794,
        0,
        -0.8861187834101075,
        0,
        -33.731422424316406,
        -2.670370578765869,
        10.87837028503418,
        1
      ],
      "name": "Sphere016_25",
      "children": [
        49
      ]
    },
    {
      "mesh": 27
    },
    {
      "matrix": [
        -0.8861187834101075,
        0,
        0.4634581984254794,
        0,
        0,
        1,
        0,
        0,
        -0.4634581984254794,
        0,
        -0.8861187834101075,
        0,
        -34.98896789550781,
        0.5444164276123047,
        3.7023160457611084,
        1
      ],
      "name": "Sphere017_26",
      "children": [
        51
      ]
    },
    {
      "mesh": 28
    },
    {
      "matrix": [
        -0.8861187834101075,
        0,
        0.4634581984254794,
        0,
        0,
        1,
        0,
        0,
        -0.4634581984254794,
        0,
        -0.8861187834101075,
        0,
        -33.91816711425781,
        -2.7307398319244385,
        -1.7994441986083984,
        1
      ],
      "name": "Sphere018_27",
      "children": [
        53
      ]
    },
    {
      "matrix": [
        0.05544115602970123,
        0,
        0,
        0,
        0,
        0.13968446850776672,
        0,
        0,
        0,
        0,
        0.05544115602970123,
        0,
        0.9478265643119812,
        0.4378608167171478,
        -0.2421300709247589,
        1
      ],
      "name": "Sphere001_28",
      "children": [
        20,
        22,
        24,
        26,
        28,
        30,
        32,
        34,
        36,
        38,
        40,
        42,
        44,
        46,
        48,
        50,
        52,
        54
      ]
    },
    {
      "matrix": [
        3.036419153213501,
        0,
        0,
        0,
        0,
        1.2051632404327393,
        0,
        0,
        0,
        0,
        3.036419153213501,
        0,
        -0.2852663993835449,
        0,
        -0.02585744857788086,
        1
      ],
      "name": "Cake_layer_1_29",
      "children": [
        18,
        19,
        55
      ]
    },
    {
      "mesh": 29
    },
    {
      "mesh": 30
    },
    {
      "matrix": [
        4.372797012329102,
        0,
        0,
        0,
        0,
        1.7584210634231567,
        0,
        0,
        0,
        0,
        4.372797012329102,
        0,
        -0.2852663993835449,
        -2.8640756607055664,
        -0.025857359170913696,
        1
      ],
      "name": "Cake_layer_1001_30",
      "children": [
        57,
        58
      ]
    },
    {
      "matrix": [
        1,
        0,
        0,
        0,
        0,
        2.220446049250313e-16,
        1,
        0,
        0,
        -1,
        2.220446049250313e-16,
        0,
        0,
        0,
        0,
        1
      ],
      "name": "GLTF_SceneRootNode",
      "children": [
        1,
        17,
        56,
        59
      ]
    },
    {
      "name": "root",
      "children": [
        60
      ]
    },
    {
      "name": "RootNode_(model_correction_matrix)",
      "children": [
        61
      ]
    },
    {
      "matrix": [
        1,
        0,
        0,
        0,
        0,
        2.220446049250313e-16,
        -1,
        0,
        0,
        1,
        2.220446049250313e-16,
        0,
        0,
        0,
        0,
        1
      ],
      "name": "RootNode_(gltf_orientation_matrix)",
      "children": [
        62
      ]
    }
  ],
  "bufferViews": [
    {
      "buffer": 0,
      "byteOffset": 0,
      "byteLength": 551472,
      "target": 34962,
      "byteStride": 12
    },
    {
      "buffer": 0,
      "byteOffset": 551472,
      "byteLength": 551472,
      "target": 34962,
      "byteStride": 12
    },
    {
      "buffer": 0,
      "byteOffset": 1102944,
      "byteLength": 551376,
      "target": 34963
    },
    {
      "buffer": 0,
      "byteOffset": 1654320,
      "byteLength": 15192,
      "target": 34962,
      "byteStride": 12
    },
    {
      "buffer": 0,
      "byteOffset": 1669512,
      "byteLength": 15192,
      "target": 34962,
      "byteStride": 12
    },
    {
      "buffer": 0,
      "byteOffset": 1684704,
      "byteLength": 28200,
      "target": 34963
    },
    {
      "buffer": 0,
      "byteOffset": 1712904,
      "byteLength": 15192,
      "target": 34962,
      "byteStride": 12
    },
    {
      "buffer": 0,
      "byteOffset": 1728096,
      "byteLength": 15192,
      "target": 34962,
      "byteStride": 12
    },
    {
      "buffer": 0,
      "byteOffset": 1743288,
      "byteLength": 28200,
      "target": 34963
    },
    {
      "buffer": 0,
      "byteOffset": 1771488,
      "byteLength": 15192,
      "target": 34962,
      "byteStride": 12
    },
    {
      "buffer": 0,
      "byteOffset": 1786680,
      "byteLength": 15192,
      "target": 34962,
      "byteStride": 12
    },
    {
      "buffer": 0,
      "byteOffset": 1801872,
      "byteLength": 28200,
      "target": 34963
    },
    {
      "buffer": 0,
      "byteOffset": 1830072,
      "byteLength": 15192,
      "target": 34962,
      "byteStride": 12
    },
    {
      "buffer": 0,
      "byteOffset": 1845264,
      "byteLength": 15192,
      "target": 34962,
      "byteStride": 12
    },
    {
      "buffer": 0,
      "byteOffset": 1860456,
      "byteLength": 28200,
      "target": 34963
    },
    {
      "buffer": 0,
      "byteOffset": 1888656,
      "byteLength": 15192,
      "target": 34962,
      "byteStride": 12
    },
    {
      "buffer": 0,
      "byteOffset": 1903848,
      "byteLength": 15192,
      "target": 34962,
      "byteStride": 12
    },
    {
      "buffer": 0,
      "byteOffset": 1919040,
      "byteLength": 28200,
      "target": 34963
    },
    {
      "buffer": 0,
      "byteOffset": 1947240,
      "byteLength": 15192,
      "target": 34962,
      "byteStride": 12
    },
    {
      "buffer": 0,
      "byteOffset": 1962432,
      "byteLength": 15192,
      "target": 34962,
      "byteStride": 12
    },
    {
      "buffer": 0,
      "byteOffset": 1977624,
      "byteLength": 28200,
      "target": 34963
    },
    {
      "buffer": 0,
      "byteOffset": 2005824,
      "byteLength": 15192,
      "target": 34962,
      "byteStride": 12
    },
    {
      "buffer": 0,
      "byteOffset": 2021016,
      "byteLength": 15192,
      "target": 34962,
      "byteStride": 12
    },
    {
      "buffer": 0,
      "byteOffset": 2036208,
      "byteLength": 28200,
      "target": 34963
    },
    {
      "buffer": 0,
      "byteOffset": 2064408,
      "byteLength": 15192,
      "target": 34962,
      "byteStride": 12
    },
    {
      "buffer": 0,
      "byteOffset": 2079600,
      "byteLength": 15192,
      "target": 34962,
      "byteStride": 12
    },
    {
      "buffer": 0,
      "byteOffset": 2094792,
      "byteLength": 28200,
      "target": 34963
    },
    {
      "buffer": 0,
      "byteOffset": 2122992,
      "byteLength": 25404,
      "target": 34962,
      "byteStride": 12
    },
    {
      "buffer": 0,
      "byteOffset": 2148396,
      "byteLength": 25404,
      "target": 34962,
      "byteStride": 12
    },
    {
      "buffer": 0,
      "byteOffset": 2173800,
      "byteLength": 16936,
      "target": 34962,
      "byteStride": 8
    },
    {
      "buffer": 0,
      "byteOffset": 2190736,
      "byteLength": 26112,
      "target": 34963
    },
    {
      "buffer": 0,
      "byteOffset": 2216848,
      "byteLength": 11016,
      "target": 34962,
      "byteStride": 12
    },
    {
      "buffer": 0,
      "byteOffset": 2227864,
      "byteLength": 11016,
      "target": 34962,
      "byteStride": 12
    },
    {
      "buffer": 0,
      "byteOffset": 2238880,
      "byteLength": 7344,
      "target": 34962,
      "byteStride": 8
    },
    {
      "buffer": 0,
      "byteOffset": 2246224,
      "byteLength": 15360,
      "target": 34963
    },
    {
      "buffer": 0,
      "byteOffset": 2261584,
      "byteLength": 6708,
      "target": 34962,
      "byteStride": 12
    },
    {
      "buffer": 0,
      "byteOffset": 2268292,
      "byteLength": 6708,
      "target": 34962,
      "byteStride": 12
    },
    {
      "buffer": 0,
      "byteOffset": 2275000,
      "byteLength": 4472,
      "target": 34962,
      "byteStride": 8
    },
    {
      "buffer": 0,
      "byteOffset": 2279472,
      "byteLength": 11520,
      "target": 34963
    },
    {
      "buffer": 0,
      "byteOffset": 2290992,
      "byteLength": 6708,
      "target": 34962,
      "byteStride": 12
    },
    {
      "buffer": 0,
      "byteOffset": 2297700,
      "byteLength": 6708,
      "target": 34962,
      "byteStride": 12
    },
    {
      "buffer": 0,
      "byteOffset": 2304408,
      "byteLength": 4472,
      "target": 34962,
      "byteStride": 8
    },
    {
      "buffer": 0,
      "byteOffset": 2308880,
      "byteLength": 11520,
      "target": 34963
    },
    {
      "buffer": 0,
      "byteOffset": 2320400,
      "byteLength": 6708,
      "target": 34962,
      "byteStride": 12
    },
    {
      "buffer": 0,
      "byteOffset": 2327108,
      "byteLength": 6708,
      "target": 34962,
      "byteStride": 12
    },
    {
      "buffer": 0,
      "byteOffset": 2333816,
      "byteLength": 4472,
      "target": 34962,
      "byteStride": 8
    },
    {
      "buffer": 0,
      "byteOffset": 2338288,
      "byteLength": 11520,
      "target": 34963
    },
    {
      "buffer": 0,
      "byteOffset": 2349808,
      "byteLength": 6708,
      "target": 34962,
      "byteStride": 12
    },
    {
      "buffer": 0,
      "byteOffset": 2356516,
      "byteLength": 6708,
      "target": 34962,
      "byteStride": 12
    },
    {
      "buffer": 0,
      "byteOffset": 2363224,
      "byteLength": 4472,
      "target": 34962,
      "byteStride": 8
    },
    {
      "buffer": 0,
      "byteOffset": 2367696,
      "byteLength": 11520,
      "target": 34963
    },
    {
      "buffer": 0,
      "byteOffset": 2379216,
      "byteLength": 6708,
      "target": 34962,
      "byteStride": 12
    },
    {
      "buffer": 0,
      "byteOffset": 2385924,
      "byteLength": 6708,
      "target": 34962,
      "byteStride": 12
    },
    {
      "buffer": 0,
      "byteOffset": 2392632,
      "byteLength": 4472,
      "target": 34962,
      "byteStride": 8
    },
    {
      "buffer": 0,
      "byteOffset": 2397104,
      "byteLength": 11520,
      "target": 34963
    },
    {
      "buffer": 0,
      "byteOffset": 2408624,
      "byteLength": 6708,
      "target": 34962,
      "byteStride": 12
    },
    {
      "buffer": 0,
      "byteOffset": 2415332,
      "byteLength": 6708,
      "target": 34962,
      "byteStride": 12
    },
    {
      "buffer": 0,
      "byteOffset": 2422040,
      "byteLength": 4472,
      "target": 34962,
      "byteStride": 8
    },
    {
      "buffer": 0,
      "byteOffset": 2426512,
      "byteLength": 11520,
      "target": 34963
    },
    {
      "buffer": 0,
      "byteOffset": 2438032,
      "byteLength": 6708,
      "target": 34962,
      "byteStride": 12
    },
    {
      "buffer": 0,
      "byteOffset": 2444740,
      "byteLength": 6708,
      "target": 34962,
      "byteStride": 12
    },
    {
      "buffer": 0,
      "byteOffset": 2451448,
      "byteLength": 4472,
      "target": 34962,
      "byteStride": 8
    },
    {
      "buffer": 0,
      "byteOffset": 2455920,
      "byteLength": 11520,
      "target": 34963
    },
    {
      "buffer": 0,
      "byteOffset": 2467440,
      "byteLength": 6708,
      "target": 34962,
      "byteStride": 12
    },
    {
      "buffer": 0,
      "byteOffset": 2474148,
      "byteLength": 6708,
      "target": 34962,
      "byteStride": 12
    },
    {
      "buffer": 0,
      "byteOffset": 2480856,
      "byteLength": 4472,
      "target": 34962,
      "byteStride": 8
    },
    {
      "buffer": 0,
      "byteOffset": 2485328,
      "byteLength": 11520,
      "target": 34963
    },
    {
      "buffer": 0,
      "byteOffset": 2496848,
      "byteLength": 6708,
      "target": 34962,
      "byteStride": 12
    },
    {
      "buffer": 0,
      "byteOffset": 2503556,
      "byteLength": 6708,
      "target": 34962,
      "byteStride": 12
    },
    {
      "buffer": 0,
      "byteOffset": 2510264,
      "byteLength": 4472,
      "target": 34962,
      "byteStride": 8
    },
    {
      "buffer": 0,
      "byteOffset": 2514736,
      "byteLength": 11520,
      "target": 34963
    },
    {
      "buffer": 0,
      "byteOffset": 2526256,
      "byteLength": 6708,
      "target": 34962,
      "byteStride": 12
    },
    {
      "buffer": 0,
      "byteOffset": 2532964,
      "byteLength": 6708,
      "target": 34962,
      "byteStride": 12
    },
    {
      "buffer": 0,
      "byteOffset": 2539672,
      "byteLength": 4472,
      "target": 34962,
      "byteStride": 8
    },
    {
      "buffer": 0,
      "byteOffset": 2544144,
      "byteLength": 11520,
      "target": 34963
    },
    {
      "buffer": 0,
      "byteOffset": 2555664,
      "byteLength": 6708,
      "target": 34962,
      "byteStride": 12
    },
    {
      "buffer": 0,
      "byteOffset": 2562372,
      "byteLength": 6708,
      "target": 34962,
      "byteStride": 12
    },
    {
      "buffer": 0,
      "byteOffset": 2569080,
      "byteLength": 4472,
      "target": 34962,
      "byteStride": 8
    },
    {
      "buffer": 0,
      "byteOffset": 2573552,
      "byteLength": 11520,
      "target": 34963
    },
    {
      "buffer": 0,
      "byteOffset": 2585072,
      "byteLength": 6708,
      "target": 34962,
      "byteStride": 12
    },
    {
      "buffer": 0,
      "byteOffset": 2591780,
      "byteLength": 6708,
      "target": 34962,
      "byteStride": 12
    },
    {
      "buffer": 0,
      "byteOffset": 2598488,
      "byteLength": 4472,
      "target": 34962,
      "byteStride": 8
    },
    {
      "buffer": 0,
      "byteOffset": 2602960,
      "byteLength": 11520,
      "target": 34963
    },
    {
      "buffer": 0,
      "byteOffset": 2614480,
      "byteLength": 6708,
      "target": 34962,
      "byteStride": 12
    },
    {
      "buffer": 0,
      "byteOffset": 2621188,
      "byteLength": 6708,
      "target": 34962,
      "byteStride": 12
    },
    {
      "buffer": 0,
      "byteOffset": 2627896,
      "byteLength": 4472,
      "target": 34962,
      "byteStride": 8
    },
    {
      "buffer": 0,
      "byteOffset": 2632368,
      "byteLength": 11520,
      "target": 34963
    },
    {
      "buffer": 0,
      "byteOffset": 2643888,
      "byteLength": 6708,
      "target": 34962,
      "byteStride": 12
    },
    {
      "buffer": 0,
      "byteOffset": 2650596,
      "byteLength": 6708,
      "target": 34962,
      "byteStride": 12
    },
    {
      "buffer": 0,
      "byteOffset": 2657304,
      "byteLength": 4472,
      "target": 34962,
      "byteStride": 8
    },
    {
      "buffer": 0,
      "byteOffset": 2661776,
      "byteLength": 11520,
      "target": 34963
    },
    {
      "buffer": 0,
      "byteOffset": 2673296,
      "byteLength": 6708,
      "target": 34962,
      "byteStride": 12
    },
    {
      "buffer": 0,
      "byteOffset": 2680004,
      "byteLength": 6708,
      "target": 34962,
      "byteStride": 12
    },
    {
      "buffer": 0,
      "byteOffset": 2686712,
      "byteLength": 4472,
      "target": 34962,
      "byteStride": 8
    },
    {
      "buffer": 0,
      "byteOffset": 2691184,
      "byteLength": 11520,
      "target": 34963
    },
    {
      "buffer": 0,
      "byteOffset": 2702704,
      "byteLength": 6708,
      "target": 34962,
      "byteStride": 12
    },
    {
      "buffer": 0,
      "byteOffset": 2709412,
      "byteLength": 6708,
      "target": 34962,
      "byteStride": 12
    },
    {
      "buffer": 0,
      "byteOffset": 2716120,
      "byteLength": 4472,
      "target": 34962,
      "byteStride": 8
    },
    {
      "buffer": 0,
      "byteOffset": 2720592,
      "byteLength": 11520,
      "target": 34963
    },
    {
      "buffer": 0,
      "byteOffset": 2732112,
      "byteLength": 6708,
      "target": 34962,
      "byteStride": 12
    },
    {
      "buffer": 0,
      "byteOffset": 2738820,
      "byteLength": 6708,
      "target": 34962,
      "byteStride": 12
    },
    {
      "buffer": 0,
      "byteOffset": 2745528,
      "byteLength": 4472,
      "target": 34962,
      "byteStride": 8
    },
    {
      "buffer": 0,
      "byteOffset": 2750000,
      "byteLength": 11520,
      "target": 34963
    },
    {
      "buffer": 0,
      "byteOffset": 2761520,
      "byteLength": 6708,
      "target": 34962,
      "byteStride": 12
    },
    {
      "buffer": 0,
      "byteOffset": 2768228,
      "byteLength": 6708,
      "target": 34962,
      "byteStride": 12
    },
    {
      "buffer": 0,
      "byteOffset": 2774936,
      "byteLength": 4472,
      "target": 34962,
      "byteStride": 8
    },
    {
      "buffer": 0,
      "byteOffset": 2779408,
      "byteLength": 11520,
      "target": 34963
    },
    {
      "buffer": 0,
      "byteOffset": 2790928,
      "byteLength": 25404,
      "target": 34962,
      "byteStride": 12
    },
    {
      "buffer": 0,
      "byteOffset": 2816332,
      "byteLength": 25404,
      "target": 34962,
      "byteStride": 12
    },
    {
      "buffer": 0,
      "byteOffset": 2841736,
      "byteLength": 16936,
      "target": 34962,
      "byteStride": 8
    },
    {
      "buffer": 0,
      "byteOffset": 2858672,
      "byteLength": 26112,
      "target": 34963
    },
    {
      "buffer": 0,
      "byteOffset": 2884784,
      "byteLength": 11016,
      "target": 34962,
      "byteStride": 12
    },
    {
      "buffer": 0,
      "byteOffset": 2895800,
      "byteLength": 11016,
      "target": 34962,
      "byteStride": 12
    },
    {
      "buffer": 0,
      "byteOffset": 2906816,
      "byteLength": 7344,
      "target": 34962,
      "byteStride": 8
    },
    {
      "buffer": 0,
      "byteOffset": 2914160,
      "byteLength": 15360,
      "target": 34963
    }
  ],
  "buffers": [
    {
      "byteLength": 2929520,
